 RR1   RR2  SHA  WRG   WD   WR  SHE  DIR  RD1  RD2
    0    0    0    0 0000    0    0    0 0000 0000
    0    0    0    1 0059    1    0    0 0000 0000
    0    0    0    2 0048    1    0    0 0000 0000
    0    0    0    3 007B    1    0    0 0000 0000
    0    0    0    4 0053    1    0    0 0000 0000
    1    2    0    0 0000    0    0    0 0059 0048
    3    4    0    0 0000    0    0    0 007B 0053
    0    1    3    2 0000    1    1    1 0000 0059
    0    3    5    4 0000    1    1    0 0000 007B
    1    2    0    0 0000    0    0    0 0059 02C8
    3    4    0    0 0000    0    0    0 007B 0003
    0    0    0    0 0000    0    0    0 0000 0000
